0	-0.155362
0.05	-0.155353
0.1	-0.155344
0.15	-0.155336
0.2	-0.155327
0.25	-0.155318
0.3	-0.155309
0.35	-0.155301
0.4	-0.155292
0.45	-0.155283
0.5	-0.155274
0.55	-0.155265
0.6	-0.155257
0.65	-0.155248
0.7	-0.155239
0.75	-0.15523
0.8	-0.155222
0.85	-0.155213
0.9	-0.155204
0.95	-0.155195
1	-0.155187
1.05	-0.155174
1.1	-0.155162
1.15	-0.155149
1.2	-0.155137
1.25	-0.155124
1.3	-0.155112
1.35	-0.155099
1.4	-0.155087
1.45	-0.155074
1.5	-0.155062
1.55	-0.155049
1.6	-0.155037
1.65	-0.155024
1.7	-0.155012
1.75	-0.154999
1.8	-0.154987
1.85	-0.154974
1.9	-0.154962
1.95	-0.154949
2	-0.154937
2.05	-0.154929
2.1	-0.154921
2.15	-0.154913
2.2	-0.154905
2.25	-0.154897
2.3	-0.154889
2.35	-0.154881
2.4	-0.154873
2.45	-0.154865
2.5	-0.154857
2.55	-0.154848
2.6	-0.15484
2.65	-0.154832
2.7	-0.154824
2.75	-0.154816
2.8	-0.154808
2.85	-0.1548
2.9	-0.154792
2.95	-0.154784
3	-0.154776
3.05	-0.15477
3.1	-0.154764
3.15	-0.154758
3.2	-0.154752
3.25	-0.154746
3.3	-0.15474
3.35	-0.154733
3.4	-0.154727
3.45	-0.154721
3.5	-0.154715
3.55	-0.154709
3.6	-0.154703
3.65	-0.154697
3.7	-0.154691
3.75	-0.154685
3.8	-0.154679
3.85	-0.154673
3.9	-0.154667
3.95	-0.154661
4	-0.154655
4.05	-0.154681
4.1	-0.154708
4.15	-0.154734
4.2	-0.154761
4.25	-0.154787
4.3	-0.154814
4.35	-0.15484
4.4	-0.154867
4.45	-0.154893
4.5	-0.15492
4.55	-0.154946
4.6	-0.154973
4.65	-0.154999
4.7	-0.155026
4.75	-0.155052
4.8	-0.155079
4.85	-0.155105
4.9	-0.155132
4.95	-0.155158
5	-0.155185
5.05	-0.155214
5.1	-0.155242
5.15	-0.155271
5.2	-0.155299
5.25	-0.155328
5.3	-0.155357
5.35	-0.155385
5.4	-0.155414
5.45	-0.155442
5.5	-0.155471
5.55	-0.1555
5.6	-0.155528
5.65	-0.155557
5.7	-0.155585
5.75	-0.155614
5.8	-0.155643
5.85	-0.155671
5.9	-0.1557
5.95	-0.155728
6	-0.155757
6.05	-0.15582
6.1	-0.155883
6.15	-0.155946
6.2	-0.156009
6.25	-0.156072
6.3	-0.156135
6.35	-0.156198
6.4	-0.156261
6.45	-0.156324
6.5	-0.156387
6.55	-0.15645
6.6	-0.156513
6.65	-0.156576
6.7	-0.156639
6.75	-0.156702
6.8	-0.156765
6.85	-0.156828
6.9	-0.156891
6.95	-0.156954
7	-0.157017
7.05	-0.15708
7.1	-0.157143
7.15	-0.157206
7.2	-0.157269
7.25	-0.157332
7.3	-0.157395
7.35	-0.157458
7.4	-0.157522
7.45	-0.157585
7.5	-0.157648
7.55	-0.157711
7.6	-0.157774
7.65	-0.157837
7.7	-0.1579
7.75	-0.157963
7.8	-0.158027
7.85	-0.15809
7.9	-0.158153
7.95	-0.158216
8	-0.158279
8.05	-0.15837
8.1	-0.158461
8.15	-0.158552
8.2	-0.158643
8.25	-0.158733
8.3	-0.158824
8.35	-0.158915
8.4	-0.159006
8.45	-0.159097
8.5	-0.159188
8.55	-0.159279
8.6	-0.159369
8.65	-0.15946
8.7	-0.159551
8.75	-0.159642
8.8	-0.159733
8.85	-0.159824
8.9	-0.159915
8.95	-0.160006
9	-0.160096
9.05	-0.160188
9.1	-0.16028
9.15	-0.160371
9.2	-0.160463
9.25	-0.160554
9.3	-0.160646
9.35	-0.160737
9.4	-0.160829
9.45	-0.16092
9.5	-0.161012
9.55	-0.161104
9.6	-0.161195
9.65	-0.161287
9.7	-0.161378
9.75	-0.16147
9.8	-0.161561
9.85	-0.161653
9.9	-0.161744
9.95	-0.161836
10	-0.161927
10.05	-0.162039
10.1	-0.162151
10.15	-0.162262
10.2	-0.162374
10.25	-0.162485
10.3	-0.162597
10.35	-0.162709
10.4	-0.16282
10.45	-0.162932
10.5	-0.163043
10.55	-0.163155
10.6	-0.163266
10.65	-0.163378
10.7	-0.16349
10.75	-0.163601
10.8	-0.163713
10.85	-0.163824
10.9	-0.163936
10.95	-0.164047
11	-0.164159
11.05	-0.164275
11.1	-0.16439
11.15	-0.164506
11.2	-0.164621
11.25	-0.164737
11.3	-0.164852
11.35	-0.164968
11.4	-0.165083
11.45	-0.165199
11.5	-0.165314
11.55	-0.16543
11.6	-0.165546
11.65	-0.165661
11.7	-0.165777
11.75	-0.165892
11.8	-0.166008
11.85	-0.166123
11.9	-0.166239
11.95	-0.166354
12	-0.16647
12.05	-0.166582
12.1	-0.166695
12.15	-0.166807
12.2	-0.16692
12.25	-0.167032
12.3	-0.167145
12.35	-0.167257
12.4	-0.16737
12.45	-0.167482
12.5	-0.167594
12.55	-0.167707
12.6	-0.167819
12.65	-0.167932
12.7	-0.168044
12.75	-0.168157
12.8	-0.168269
12.85	-0.168382
12.9	-0.168494
12.95	-0.168607
13	-0.168719
13.05	-0.168847
13.1	-0.168975
13.15	-0.169103
13.2	-0.169231
13.25	-0.169359
13.3	-0.169486
13.35	-0.169614
13.4	-0.169742
13.45	-0.16987
13.5	-0.169998
13.55	-0.170126
13.6	-0.170254
13.65	-0.170382
13.7	-0.17051
13.75	-0.170638
13.8	-0.170765
13.85	-0.170893
13.9	-0.171021
13.95	-0.171149
14	-0.171277
14.05	-0.171305
14.1	-0.171333
14.15	-0.171361
14.2	-0.171389
14.25	-0.171417
14.3	-0.171445
14.35	-0.171474
14.4	-0.171502
14.45	-0.17153
14.5	-0.171558
14.55	-0.171586
14.6	-0.171614
14.65	-0.171642
14.7	-0.17167
14.75	-0.171698
14.8	-0.171726
14.85	-0.171754
14.9	-0.171782
14.95	-0.17181
15	-0.171838
15.05	-0.171915
15.1	-0.171991
15.15	-0.172067
15.2	-0.172143
15.25	-0.17222
15.3	-0.172296
15.35	-0.172372
15.4	-0.172448
15.45	-0.172525
15.5	-0.172601
15.55	-0.172677
15.6	-0.172753
15.65	-0.172829
15.7	-0.172906
15.75	-0.172982
15.8	-0.173058
15.85	-0.173134
15.9	-0.173211
15.95	-0.173287
16	-0.173363
16.05	-0.172967
16.1	-0.172571
16.15	-0.172175
16.2	-0.171779
16.25	-0.171384
16.3	-0.170988
16.35	-0.170592
16.4	-0.170196
16.45	-0.1698
16.5	-0.169404
16.55	-0.169008
16.6	-0.168612
16.65	-0.168217
16.7	-0.167821
16.75	-0.167425
16.8	-0.167029
16.85	-0.166633
16.9	-0.166237
16.95	-0.165841
17	-0.165446
17.05	-0.165143
17.1	-0.16484
17.15	-0.164538
17.2	-0.164235
17.25	-0.163932
17.3	-0.16363
17.35	-0.163327
17.4	-0.163024
17.45	-0.162722
17.5	-0.162419
17.55	-0.162116
17.6	-0.161814
17.65	-0.161511
17.7	-0.161208
17.75	-0.160906
17.8	-0.160603
17.85	-0.1603
17.9	-0.159998
17.95	-0.159695
18	-0.159393
18.05	-0.157459
18.1	-0.155526
18.15	-0.153593
18.2	-0.15166
18.25	-0.149727
18.3	-0.147794
18.35	-0.145861
18.4	-0.143928
18.45	-0.141995
18.5	-0.140062
18.55	-0.138129
18.6	-0.136196
18.65	-0.134263
18.7	-0.13233
18.75	-0.130397
18.8	-0.128464
18.85	-0.126531
18.9	-0.124598
18.95	-0.122665
19	-0.120732
19.05	-0.118741
19.1	-0.11675
19.15	-0.114759
19.2	-0.112768
19.25	-0.110777
19.3	-0.108786
19.35	-0.106795
19.4	-0.104804
19.45	-0.102813
19.5	-0.100823
19.55	-0.0988317
19.6	-0.0968407
19.65	-0.0948498
19.7	-0.0928588
19.75	-0.0908679
19.8	-0.0888769
19.85	-0.086886
19.9	-0.0848951
19.95	-0.0829041
20	-0.0809131
20.05	-0.0753743
20.1	-0.0698353
20.15	-0.0642965
20.2	-0.0587575
20.25	-0.0532186
20.3	-0.0476798
20.35	-0.0421408
20.4	-0.036602
20.45	-0.031063
20.5	-0.0255241
20.55	-0.0199853
20.6	-0.0144463
20.65	-0.00890749
20.7	-0.00336846
20.75	0.00217035
20.8	0.00770917
20.85	0.0132482
20.9	0.018787
20.95	0.024326
21	0.0298649
21.05	0.0359073
21.1	0.04195
21.15	0.0479925
21.2	0.0540352
21.25	0.0600776
21.3	0.0661201
21.35	0.0721628
21.4	0.0782053
21.45	0.084248
21.5	0.0902904
21.55	0.0963329
21.6	0.102376
21.65	0.108418
21.7	0.114461
21.75	0.120503
21.8	0.126546
21.85	0.132588
21.9	0.138631
21.95	0.144674
22	0.150716
22.05	0.159291
22.1	0.167867
22.15	0.176442
22.2	0.185017
22.25	0.193593
22.3	0.202168
22.35	0.210743
22.4	0.219318
22.45	0.227894
22.5	0.236469
22.55	0.245044
22.6	0.25362
22.65	0.262195
22.7	0.27077
22.75	0.279345
22.8	0.287921
22.85	0.296496
22.9	0.305071
22.95	0.313647
23	0.322222
23.05	0.330816
23.1	0.339411
23.15	0.348005
23.2	0.356599
23.25	0.365194
23.3	0.373788
23.35	0.382382
23.4	0.390977
23.45	0.399571
23.5	0.408165
23.55	0.416759
23.6	0.425354
23.65	0.433948
23.7	0.442543
23.75	0.451137
23.8	0.459731
23.85	0.468326
23.9	0.47692
23.95	0.485514
24	0.494108
24.05	0.500363
24.1	0.506617
24.15	0.512871
24.2	0.519125
24.25	0.525379
24.3	0.531633
24.35	0.537888
24.4	0.544142
24.45	0.550396
24.5	0.55665
24.55	0.562904
24.6	0.569159
24.65	0.575413
24.7	0.581667
24.75	0.587921
24.8	0.594175
24.85	0.600429
24.9	0.606684
24.95	0.612938
25	0.619192
25.05	0.624952
25.1	0.630711
25.15	0.636471
25.2	0.642231
25.25	0.64799
25.3	0.65375
25.35	0.65951
25.4	0.665269
25.45	0.671029
25.5	0.676789
25.55	0.682548
25.6	0.688308
25.65	0.694068
25.7	0.699828
25.75	0.705587
25.8	0.711347
25.85	0.717107
25.9	0.722866
25.95	0.728626
26	0.734385
26.05	0.736467
26.1	0.738548
26.15	0.740629
26.2	0.74271
26.25	0.744791
26.3	0.746872
26.35	0.748953
26.4	0.751034
26.45	0.753116
26.5	0.755197
26.55	0.757278
26.6	0.759359
26.65	0.76144
26.7	0.763521
26.75	0.765602
26.8	0.767683
26.85	0.769765
26.9	0.771846
26.95	0.773927
27	0.776008
27.05	0.77809
27.1	0.780172
27.15	0.782253
27.2	0.784335
27.25	0.786417
27.3	0.788498
27.35	0.79058
27.4	0.792662
27.45	0.794744
27.5	0.796826
27.55	0.798907
27.6	0.800989
27.65	0.803071
27.7	0.805153
27.75	0.807234
27.8	0.809316
27.85	0.811398
27.9	0.813479
27.95	0.815561
28	0.817643
28.05	0.817395
28.1	0.817148
28.15	0.8169
28.2	0.816652
28.25	0.816405
28.3	0.816157
28.35	0.815909
28.4	0.815662
28.45	0.815414
28.5	0.815167
28.55	0.814919
28.6	0.814671
28.65	0.814424
28.7	0.814176
28.75	0.813928
28.8	0.813681
28.85	0.813433
28.9	0.813185
28.95	0.812938
29	0.81269
29.05	0.812581
29.1	0.812472
29.15	0.812363
29.2	0.812254
29.25	0.812145
29.3	0.812036
29.35	0.811928
29.4	0.811819
29.45	0.81171
29.5	0.811601
29.55	0.811492
29.6	0.811383
29.65	0.811274
29.7	0.811165
29.75	0.811056
29.8	0.810947
29.85	0.810838
29.9	0.810729
29.95	0.81062
30	0.810511
30.05	0.807975
30.1	0.805438
30.15	0.802901
30.2	0.800364
30.25	0.797827
30.3	0.795291
30.35	0.792754
30.4	0.790217
30.45	0.78768
30.5	0.785143
30.55	0.782606
30.6	0.78007
30.65	0.777533
30.7	0.774996
30.75	0.772459
30.8	0.769922
30.85	0.767385
30.9	0.764849
30.95	0.762312
31	0.759775
31.05	0.757096
31.1	0.754417
31.15	0.751737
31.2	0.749058
31.25	0.746379
31.3	0.7437
31.35	0.741021
31.4	0.738341
31.45	0.735662
31.5	0.732983
31.55	0.730304
31.6	0.727625
31.65	0.724945
31.7	0.722266
31.75	0.719587
31.8	0.716908
31.85	0.714229
31.9	0.711549
31.95	0.70887
32	0.706191
32.05	0.700626
32.1	0.695061
32.15	0.689496
32.2	0.683931
32.25	0.678366
32.3	0.672802
32.35	0.667237
32.4	0.661671
32.45	0.656107
32.5	0.650542
32.55	0.644977
32.6	0.639412
32.65	0.633847
32.7	0.628282
32.75	0.622717
32.8	0.617152
32.85	0.611587
32.9	0.606022
32.95	0.600457
33	0.594893
33.05	0.589045
33.1	0.583197
33.15	0.577349
33.2	0.571502
33.25	0.565654
33.3	0.559807
33.35	0.553959
33.4	0.548111
33.45	0.542264
33.5	0.536416
33.55	0.530568
33.6	0.524721
33.65	0.518873
33.7	0.513025
33.75	0.507178
33.8	0.50133
33.85	0.495483
33.9	0.489635
33.95	0.483787
34	0.477939
34.05	0.471445
34.1	0.464951
34.15	0.458456
34.2	0.451962
34.25	0.445468
34.3	0.438974
34.35	0.432479
34.4	0.425985
34.45	0.41949
34.5	0.412996
34.55	0.406502
34.6	0.400008
34.65	0.393513
34.7	0.387019
34.75	0.380525
34.8	0.37403
34.85	0.367536
34.9	0.361041
34.95	0.354547
35	0.348053
35.05	0.341748
35.1	0.335444
35.15	0.329139
35.2	0.322834
35.25	0.31653
35.3	0.310225
35.35	0.30392
35.4	0.297615
35.45	0.291311
35.5	0.285006
35.55	0.278702
35.6	0.272397
35.65	0.266092
35.7	0.259787
35.75	0.253483
35.8	0.247178
35.85	0.240874
35.9	0.234569
35.95	0.228264
36	0.22196
36.05	0.21802
36.1	0.21408
36.15	0.21014
36.2	0.206201
36.25	0.202261
36.3	0.198322
36.35	0.194382
36.4	0.190442
36.45	0.186503
36.5	0.182563
36.55	0.178624
36.6	0.174684
36.65	0.170744
36.7	0.166805
36.75	0.162865
36.8	0.158926
36.85	0.154986
36.9	0.151046
36.95	0.147107
37	0.143167
37.05	0.13951
37.1	0.135853
37.15	0.132195
37.2	0.128538
37.25	0.124881
37.3	0.121224
37.35	0.117567
37.4	0.113909
37.45	0.110252
37.5	0.106595
37.55	0.102938
37.6	0.0992806
37.65	0.0956232
37.7	0.0919661
37.75	0.0883089
37.8	0.0846518
37.85	0.0809946
37.9	0.0773372
37.95	0.0736801
38	0.0700229
38.05	0.0686932
38.1	0.0673634
38.15	0.0660335
38.2	0.0647038
38.25	0.063374
38.3	0.0620443
38.35	0.0607146
38.4	0.0593847
38.45	0.058055
38.5	0.0567252
38.55	0.0553955
38.6	0.0540657
38.65	0.0527359
38.7	0.0514061
38.75	0.0500764
38.8	0.0487466
38.85	0.0474169
38.9	0.046087
38.95	0.0447573
39	0.0434275
39.05	0.0420971
39.1	0.0407666
39.15	0.0394361
39.2	0.0381056
39.25	0.0367752
39.3	0.0354448
39.35	0.0341143
39.4	0.0327838
39.45	0.0314533
39.5	0.0301229
39.55	0.0287925
39.6	0.027462
39.65	0.0261315
39.7	0.024801
39.75	0.0234706
39.8	0.0221402
39.85	0.0208097
39.9	0.0194792
39.95	0.0181487
40	0.0168183
40.05	0.0165165
40.1	0.0162147
40.15	0.0159129
40.2	0.0156111
40.25	0.0153093
40.3	0.0150075
40.35	0.0147056
40.4	0.0144038
40.45	0.014102
40.5	0.0138002
40.55	0.0134984
40.6	0.0131966
40.65	0.0128948
40.7	0.012593
40.75	0.0122912
40.8	0.0119894
40.85	0.0116876
40.9	0.0113857
40.95	0.0110839
41	0.0107821
41.05	0.0104158
41.1	0.0100495
41.15	0.0096832
41.2	0.0093169
41.25	0.00895059
41.3	0.00858429
41.35	0.00821799
41.4	0.00785167
41.45	0.00748537
41.5	0.00711907
41.55	0.00675276
41.6	0.00638646
41.65	0.00602014
41.7	0.00565384
41.75	0.00528754
41.8	0.00492123
41.85	0.00455493
41.9	0.00418861
41.95	0.00382231
42	0.003456
42.05	0.00340135
42.1	0.00334669
42.15	0.00329203
42.2	0.00323737
42.25	0.00318272
42.3	0.00312806
42.35	0.0030734
42.4	0.00301874
42.45	0.00296409
42.5	0.00290943
42.55	0.00285477
42.6	0.00280012
42.65	0.00274546
42.7	0.0026908
42.75	0.00263614
42.8	0.00258149
42.85	0.00252683
42.9	0.00247217
42.95	0.00241751
43	0.00236286
43.05	0.00227656
43.1	0.00219027
43.15	0.00210398
43.2	0.00201768
43.25	0.00193139
43.3	0.0018451
43.35	0.00175881
43.4	0.00167251
43.45	0.00158622
43.5	0.00149993
43.55	0.00141364
43.6	0.00132735
43.65	0.00124105
43.7	0.00115476
43.75	0.00106847
43.8	0.000982179
43.85	0.000895888
43.9	0.00080959
43.95	0.000723299
44	0.000637008
44.05	0.000628713
44.1	0.000620419
44.15	0.000612123
44.2	0.000603829
44.25	0.000595534
44.3	0.000587239
44.35	0.000578945
44.4	0.000570649
44.45	0.000562355
44.5	0.00055406
44.55	0.000545765
44.6	0.000537471
44.65	0.000529176
44.7	0.000520881
44.75	0.000512586
44.8	0.000504291
44.85	0.000495997
44.9	0.000487702
44.95	0.000479407
45	0.000471112
45.05	0.000452798
45.1	0.000434484
45.15	0.000416169
45.2	0.000397855
45.25	0.000379541
45.3	0.000361228
45.35	0.000342914
45.4	0.000324598
45.45	0.000306285
45.5	0.000287971
45.55	0.000269657
45.6	0.000251343
45.65	0.000233028
45.7	0.000214714
45.75	0.0001964
45.8	0.000178086
45.85	0.000159772
45.9	0.000141457
45.95	0.000123143
46	0.000104829
46.05	0.000103874
46.1	0.000102918
46.15	0.000101962
46.2	0.000101007
46.25	0.000100051
46.3	9.90956E-05
46.35	0.00009814
46.4	9.71843E-05
46.45	9.62287E-05
46.5	9.52731E-05
46.55	9.43175E-05
46.6	9.33619E-05
46.65	9.24062E-05
46.7	9.14506E-05
46.75	0.000090495
46.8	8.95394E-05
46.85	8.85839E-05
46.9	8.76282E-05
46.95	8.66726E-05
47	0.000085717
47.05	8.21806E-05
47.1	7.86441E-05
47.15	7.51074E-05
47.2	0.000071571
47.25	6.80345E-05
47.3	6.44981E-05
47.35	6.09617E-05
47.4	5.74249E-05
47.45	5.38885E-05
47.5	5.03521E-05
47.55	4.68156E-05
47.6	4.32792E-05
47.65	3.97425E-05
47.7	0.000036206
47.75	3.26696E-05
47.8	2.91332E-05
47.85	2.55967E-05
47.9	0.00002206
47.95	1.85236E-05
48	1.49871E-05
48.05	1.49217E-05
48.1	1.48562E-05
48.15	1.47907E-05
48.2	1.47252E-05
48.25	1.46597E-05
48.3	1.45942E-05
48.35	1.45287E-05
48.4	1.44632E-05
48.45	1.43977E-05
48.5	1.43322E-05
48.55	1.42667E-05
48.6	1.42012E-05
48.65	1.41357E-05
48.7	1.40702E-05
48.75	1.40047E-05
48.8	1.39392E-05
48.85	1.38737E-05
48.9	1.38082E-05
48.95	1.37428E-05
49	1.36773E-05
49.05	1.31528E-05
49.1	1.26283E-05
49.15	1.21038E-05
49.2	1.15794E-05
49.25	1.10549E-05
49.3	1.05305E-05
49.35	0.000010006
49.4	9.48151E-06
49.45	8.95706E-06
49.5	8.4326E-06
49.55	7.90814E-06
49.6	7.38368E-06
49.65	6.85918E-06
49.7	6.33472E-06
49.75	5.81027E-06
49.8	5.28581E-06
49.85	4.76135E-06
49.9	4.23685E-06
49.95	3.71239E-06
50	3.18793E-06

